"Date","VKontakte","YouTube","Facebook","Twitter","Pinterest","Instagram","Tumblr","reddit","Google+","LinkedIn","StumbleUpon","Vimeo","news.ycombinator.com","Other"
2018-01,24.88,23.25,21.38,15.85,6.71,3.31,2.45,0.93,0.38,0.42,0.37,0,0.03,0.04
2018-02,18.18,27.41,16.88,24.76,5.89,2.78,2.2,0.75,0.34,0.44,0.34,0,0.01,0.02
2018-03,21.34,28.85,22.04,9.6,7.42,3.56,3.17,1.05,1.82,0.58,0.54,0,0.02,0.02
2018-04,30.75,18.48,23.91,10.63,7.72,2.02,2.81,0.87,1.72,0.53,0.53,0,0.01,0.02
2018-05,29.85,24.34,21.7,12.85,5.67,1.54,1.86,0.56,0.91,0.36,0.3,0.02,0.02,0.01
2018-06,19.66,26.75,25.83,13.96,7.13,2.58,2.1,0.49,0.93,0.25,0.28,0,0.01,0.02
2018-07,20.25,25.4,24.8,16.55,5.13,5.29,1.79,0.35,0.24,0.12,0.05,0,0.01,0.01
2018-08,19.58,22.85,20.92,12.99,6.34,11.48,2.96,1.47,0.62,0.47,0.19,0.1,0.03,0.01
2018-09,19.84,19.19,19.59,11.42,6.89,15.78,3.74,1.63,0.72,0.69,0.29,0.18,0.01,0.01
2018-10,25.37,19.75,21.99,13.02,6.37,7.7,3.59,1.04,0.4,0.32,0.4,0.01,0.02,0.02
2018-11,22.81,14.07,29.78,10.1,8.56,6.56,4.78,1.35,0.72,0.53,0.71,0,0.02,0.02
2018-12,20.57,9.9,22.17,25.77,9.82,3.89,3.76,1.93,1.22,0.45,0.48,0,0.01,0.05
