"Date","VKontakte","Facebook","Twitter","Instagram","YouTube","Pinterest","Tumblr","reddit","LinkedIn","Vimeo","news.ycombinator.com","Other"
2021-01,21.47,21.18,12.63,12.82,13.1,15.07,2.57,0.97,0.14,0,0.03,0.01
2021-02,23.3,16.41,21.69,8.85,13.49,12.88,2.07,1.01,0.17,0,0.12,0.01
2021-03,20.25,19.88,22.58,13.54,11.21,9.91,1.59,0.87,0.13,0,0.04,0.01
2021-04,20.93,22.11,20.67,15.94,10.46,7,1.85,0.77,0.2,0,0.07,0.01
2021-05,23.25,23.39,12.36,10.32,13.9,10.82,3.4,1.65,0.75,0,0.14,0.02
2021-06,20.25,24.04,15.02,11.18,13.65,9.72,4.24,1.51,0.35,0,0.03,0.01
2021-07,20.05,21.55,16.7,13.37,11.02,8.11,6.65,2.01,0.26,0.16,0.08,0.04
2021-08,20.09,21.06,13.23,14.51,9.68,10.59,9.03,1.47,0.19,0.08,0.03,0.02
2021-09,18.83,28.6,10.48,10.56,10.71,12,5.86,2.13,0.53,0.24,0.04,0.02
2021-10,20.56,20.45,11.44,10.59,13.36,15.6,4.4,2.61,0.45,0.47,0.07,0.01
2021-11,21.91,14.93,10.48,15.37,14.63,15.51,2.96,3.56,0.3,0.19,0.13,0.03
2021-12,24.52,17.1,14.21,10.31,13.97,12.32,3.49,2.82,0.74,0.33,0.05,0.13
